time,x,y,z,phi,theta,psi,x_velocity,y_velocity,z_velocity,phi_velocity,theta_velocity,psi_velocity,rotor_speed1,rotor_speed2,rotor_speed3,rotor_speed4
0.06,1.0026405003891494e-07,5.787636191139623e-07,10.00583784643235,0.0004321397572937258,6.283008539600665,0.0,1.2703822978263867e-05,4.7739351516892e-05,0.19458108481627862,0.01869496761567932,-0.009608106185126943,0.0,467.15739487206844,466.4077926278517,464.3728088251397,465.8366421763336
0.12000000000000001,7.275403768999481e-06,2.071189828052096e-05,10.025116349418385,0.002230571888974353,6.282932033880275,0.0,0.0002624875778948923,0.0008133069528364182,0.44797021922712366,0.04621681195538867,0.01163221764952307,0.0,482.6162689352434,484.2165449689255,481.9263817691675,484.0020049699911
0.18,2.5549065994148293e-05,0.00012344084841765245,10.053994146336546,0.004988061766759699,0.0002516512336807608,0.0,0.0002873458427843526,0.0028793307586761257,0.5145940501788129,0.0454359555909634,0.001048149099121579,0.0,426.3452287071699,425.4400056222799,426.9464406092047,426.8811608727345
0.23999999999999996,3.691837784241797e-05,0.00041831981545506524,10.089285688849804,0.008338285815939095,0.0003803599418352732,0.0,8.111725371589175e-05,0.007286674487637652,0.661714490723339,0.07113077753043907,0.00425366826883117,0.0,451.310126541001,451.56869775924565,451.33593249193706,453.40660198828243
0.3,3.2520601285481726e-05,0.0010560291546780664,10.133216072665716,0.013149898908321411,0.000386029635214058,0.0,-0.0002435707123032358,0.014464705481388314,0.8025379443756185,0.09396486278515788,-0.009892039441373839,0.0,451.06860669084693,449.9249676339956,448.87152342006056,450.7253894092256
0.36000000000000004,1.120020120303742e-05,0.002257611415658024,10.187200988241797,0.019015810735004912,6.283173689368551,0.0,-0.000410392869165618,0.026253943326170513,0.9967996827480482,0.10444515685234124,-0.0007886780752509419,0.0,465.70009243207625,466.41161739811355,466.6355019995929,467.46042818949087
0.4200000000000001,-1.3408217062707355e-05,0.004243799165801205,10.24970889890222,0.025448409960030283,0.00030209005685488677,0.0,-0.0004254030294354974,0.040589337032571796,1.0867020090706487,0.11223011810133589,0.01514705063490801,0.0,433.32684177163156,434.6641622128078,435.16991094529726,435.8313154741363
0.48000000000000015,-5.206005809986774e-05,0.007430407392619316,10.325392961932472,0.0320500587957353,0.0009322979044856794,0.0,-0.0009727063679579077,0.06654733108007835,1.4357026786911518,0.10521637054994527,-0.0009406582794176778,0.0,511.1398137315188,509.99204033766057,511.879694737457,511.38933226803806
0.5400000000000001,-0.00012884052134953084,0.012086963354405057,10.413853132302805,0.03811725773586172,0.0008662769066747344,0.0,-0.0015805101432168358,0.08927978499758628,1.512848460000888,0.09132706880280045,-0.001421687483705139,0.0,432.0846801336116,432.0441531651238,432.06593735263186,430.90256768063
0.6000000000000002,-0.0002446248522995806,0.018348673871984418,10.51007377667862,0.043101729947947476,0.001595431652703816,0.0,-0.0023252821460752545,0.12004198704776213,1.6942290642718385,0.05644290260426835,0.030701957999318304,0.0,462.683668113205,465.20559481213473,466.226483474792,463.49808048740243
0.6600000000000003,-0.0004274471682312291,0.02652250453354658,10.616267705161386,0.04659615603683509,0.003690124605554068,0.0,-0.0039853975119804015,0.15278549204485498,1.8453172182273252,0.0616114231466437,0.04222297494727583,0.0,455.7343893073305,456.65474067295406,455.2462461693699,455.66184979891955
0.7200000000000003,-0.0007467340910594824,0.03660014833687314,10.728577327929607,0.05021919533197661,0.005827629021009528,0.0,-0.006884267596416286,0.18347896842569852,1.8982298205673234,0.05780982031853493,0.017225550673284882,0.0,426.6700625572683,424.5312602581415,425.24590757580876,424.92292047604167
0.7800000000000004,-0.0012701047360570961,0.04854050740742411,10.84312253035063,0.05344321660462281,0.006805069179946166,0.0,-0.010652261183955862,0.21483401643205996,1.919887949289979,0.04399444249348156,0.014352214620278284,0.0,416.10410335056247,415.8524324968949,415.0719579618089,413.85991116814995
0.8400000000000004,-0.00205314682393489,0.06254464267913555,10.96130258508046,0.05624944235640239,0.007400155701084543,0.0,-0.015524199729587502,0.2522377341793147,2.0192568824767645,0.05181149683636507,-0.0008849605440229644,0.0,441.45577622120425,440.1966542901764,440.1499913068964,440.79773447711807
0.9000000000000005,-0.0031733433431427776,0.07912966846764044,11.09030979757513,0.05968998119743674,0.007223870530983056,0.0,-0.021798054367942937,0.30098132868325517,2.2804695921033042,0.06658190502726412,-0.0073981659626280935,0.0,489.54599684493087,489.06120275183594,489.2758677749597,490.3761187649511
0.9600000000000005,-0.004632751938928331,0.09847083742612836,11.230670638343803,0.06458815739700885,0.006549250888021163,0.0,-0.026790024163974527,0.3441833052958737,2.397949814704681,0.1015444240385531,-0.020327649848006318,0.0,448.4243691340252,447.3729872217676,446.41700111528,449.26562846278244
1.0200000000000005,-0.006373614143731876,0.12049927974229062,11.377844060011281,0.0703621232513214,0.005853549906279731,0.0,-0.031142170108562912,0.39069681950127255,2.50754671673965,0.08264121848898845,0.00179243400888149,0.0,445.34123317677097,447.1469187726393,446.55230171671946,445.01540374171617
1.0800000000000005,-0.008392544055226272,0.14576367311275212,11.536193186800784,0.07526083461190147,0.005843992047051216,0.0,-0.03615850750168457,0.45202447035508536,2.7701004619660186,0.07957612499046647,-0.004380697169842211,0.0,492.6777023206928,492.2210927606758,491.9523868814827,491.73007847713933
1.1400000000000006,-0.010693707033075601,0.17460920032495883,11.707371559736405,0.08009946746724861,0.005686339895734527,0.0,-0.0405211840551823,0.5099941931236167,2.9353793593542474,0.08269693485285615,0.0006667245525181101,0.0,464.7149799952662,465.11050464293123,465.1073719312704,465.35664459471343
1.2000000000000006,-0.013243174375316883,0.2068677957429472,11.886298677186737,0.08559954196626407,0.006616950603686611,0.0,-0.044518821440130175,0.56580011615359,3.0285550188869417,0.10533022670963574,0.035237330767247554,0.0,442.59993058725024,445.4360671849798,442.77816785450506,444.64315565558275
1.2600000000000007,-0.01605912774708782,0.24259452533291276,12.070845752609474,0.09205136063727348,0.009256250210482264,0.0,-0.0495897010327728,0.6257089958400615,3.122682465674436,0.11159934814116239,0.057394800555606196,0.0,444.47958450346437,446.2928331592182,444.0149028565485,444.5390678133273
1.3200000000000007,-0.019275057438753608,0.2823971183072513,12.264754771585775,0.09832366948355453,0.012713019236055167,0.0,-0.05801511961327605,0.7017605428969588,3.3402341402786697,0.08415509637054974,0.05804514608297377,0.0,482.543245894806,482.59434138555486,484.0945955817044,482.03331562681325
1.3800000000000008,-0.02307854148711312,0.32688698329848737,12.4715119798219,0.10324029816250757,0.0165046096363497,0.0,-0.06919310944435944,0.7817520698673239,3.550944226059208,0.07711067210533,0.07188809101299624,0.0,482.2553895759624,483.30240473394446,481.98898015990034,481.46114650278207
1.4400000000000008,-0.02757637460992899,0.37586426887161956,12.686814406211225,0.10759662291652905,0.02075277164957967,0.0,-0.08115281242274144,0.8512311619860478,3.6254852077198856,0.0615942391898887,0.06853968851285935,0.0,442.9929727361451,442.7213944066362,442.6058253387937,441.3309447495885
1.5000000000000009,-0.0329069942113907,0.4292420224518535,12.907961656366474,0.11114610851116957,0.02556632805730441,0.0,-0.09700348596073328,0.9283514932055908,3.7456160394634295,0.05377907285483322,0.0968894962476427,0.0,455.9712337956619,458.2352795652002,457.8424625779478,457.2225514632682
1.560000000000001,-0.03934894249351215,0.4875345704742465,13.138232154592806,0.11441311075204919,0.031180895288771104,0.0,-0.11836895660642549,1.0150177704097219,3.92935016761524,0.05575879486976969,0.08595910111292603,0.0,477.6087695181322,476.7810585387287,477.5850449610261,477.7377768746981
1.620000000000001,-0.047068574569743095,0.5506275536133854,13.375421075704065,0.11745383217329586,0.03611919905101946,0.0,-0.13942529030496933,1.088347164500681,3.9766943898474296,0.03784996117746589,0.07376253951212323,0.0,437.55252410412743,436.54146034420125,437.5897041546965,436.0978575562458
1.680000000000001,-0.056234619637547355,0.6184610554079516,13.617872812039241,0.12073476808851868,0.04075088144556016,0.0,-0.16657534749726324,1.1730011487878997,4.104476714795808,0.0761278380437059,0.08329763990729061,0.0,463.11595968961444,463.8698242616021,460.31091791466775,463.3319867800393
1.740000000000001,-0.06703921232493602,0.6911762883317366,13.865750381914971,0.1252027761221699,0.04636966095253747,0.0,-0.19408099697099476,1.2512229109762298,4.157791123340858,0.07092075879128969,0.10887824729758175,0.0,439.250307047931,441.3740075785158,441.14555391272444,440.71971782161677
1.8000000000000012,-0.079735539358932,0.769003560971936,14.119472903936456,0.12972156858130024,0.05269239805739101,0.0,-0.22980273133175563,1.34339989739858,4.298945401975019,0.08289807681115784,0.09726247574593698,0.0,469.68645465880496,468.79365837198424,467.4205042732981,468.35715872236796
1.8600000000000012,-0.09475239466271682,0.8525565075891949,14.38238890890416,0.1344138901884122,0.058514738715794046,0.0,-0.2713762687754433,1.4421246752545869,4.464104322633002,0.0666175648182072,0.0965886427212368,0.0,477.20196289632815,477.1578629973769,477.7040975958366,476.46526181803944
1.9200000000000013,-0.11239769585511315,0.9421339048609038,14.655216673526867,0.13870908567639084,0.06420826534056268,0.0,-0.3174025668783606,1.5441263377212235,4.6293104165437144,0.08002243993982763,0.09126557068138205,0.0,479.0310227437558,478.6329647856756,478.21590602066595,479.239485710108
1.9800000000000013,-0.13253817861638537,1.0370846892741035,14.93194261328456,0.1438332040376693,0.06977978012713315,0.0,-0.35440942702006983,1.6212934608288392,4.594870970461458,0.09442582335714615,0.09586597107126842,0.0,417.5060189231544,417.9151333931606,416.6522918239065,417.9162519168003
2.0400000000000014,-0.15530704996269454,1.1373866095656269,15.210959344701063,0.1498241799250648,0.07543680299597266,0.0,-0.4051096820098217,1.7226001352149378,4.705004535380968,0.10893517489438051,0.09091760235685983,0.0,463.7782463887909,463.39650448614003,463.9980745908785,465.14390339631893
2.1000000000000014,-0.18109507169459624,1.2436114618020304,15.49472769912829,0.15607437787457457,0.08093045677236965,0.0,-0.45498948691536995,1.8187576689523695,4.753501142568984,0.09235893756756365,0.09281652065507634,0.0,446.66144937400014,446.8233034443779,446.5346220736394,445.1894517673618
2.1600000000000015,-0.20990306928506414,1.3555642178067324,15.78042510626499,0.1613868104404519,0.08645632634921085,0.0,-0.505765630077709,1.913426442768923,4.76945578544828,0.07954037944409462,0.09062134731984167,0.0,437.00738118136474,436.8316389535268,437.12898494515014,436.0659429719901
2.2200000000000015,-0.2419561112427135,1.4734635794885953,16.06815193527159,0.16667145478873735,0.09145745779230019,0.0,-0.5631470327921657,2.0169385177120067,4.820978454853866,0.10122361425609411,0.06199877473695248,0.0,449.82077554293727,447.5018894840062,448.1033171139839,449.86892808188924
2.2800000000000016,-0.27785951842759865,1.5982433111932475,16.362320828694212,0.1727477432202642,0.09505213039093618,0.0,-0.6339658148361595,2.142876482118836,4.983635894465219,0.10136694560726836,0.05537204995573369,0.0,484.24836281735355,483.75176294806886,483.58372061475075,483.60248048679597
2.3400000000000016,-0.3175251383702053,1.7296853208558858,16.660390936616256,0.17923962624396594,0.09828401762907912,0.0,-0.6884984658141038,2.2390072819582643,4.951927302487517,0.11919985602955815,0.050667002384239025,0.0,424.94488146925283,424.5433596967708,424.1037040682091,425.6436088168335
2.4000000000000017,-0.3607033496111354,1.8673362497747383,16.95838294276036,0.18591483928756602,0.1011693535838658,0.0,-0.7510242739572928,2.349903677193392,4.980710030749258,0.08643246239868592,0.042359519203112386,0.0,445.3327486916827,444.65399121727904,446.31814201814456,443.6457166131289
2.4600000000000017,-0.40782667632658187,2.0120045518254788,17.259428556893308,0.19111468331462156,0.10363750084525858,0.0,-0.8199544169854633,2.4727374286020205,5.05352741493512,0.08712299173503402,0.03856929261401858,0.0,459.7701114842589,459.47050302573723,459.9760576155029,460.03667298010674
2.520000000000002,-0.45877582216329843,2.1634778934435728,17.56143562102244,0.1963765900517629,0.10622527096871082,0.0,-0.878561507249406,2.576752803541687,5.013304495734242,0.08882444489585514,0.05096672502673204,0.0,424.5649390330682,425.6285844604654,423.7313387812957,423.88439503864527
2.580000000000002,-0.5139472514794505,2.3224733756695053,17.86703784349232,0.2015349839224676,0.10965930778477162,0.0,-0.9607552649702444,2.7234267765177718,5.1723362287689465,0.07955959498959803,0.06748905502042596,0.0,487.03245095060885,488.2687063817528,487.60741177568246,486.92004086355536
2.640000000000002,-0.5737291988720122,2.4896371902139323,18.178578846246385,0.20666340698821184,0.11360635702574307,0.0,-1.032316545003296,2.84901642874972,5.211845290085087,0.09524483047870462,0.062137437135543566,0.0,453.51868112004735,453.09166132844393,452.3179709172148,453.58538514057506
2.700000000000002,-0.6379497629427703,2.6645465387735268,18.493052164526546,0.212081590043236,0.11726889684747199,0.0,-1.108676850866702,2.9816553854426093,5.269947361187343,0.07792891661559288,0.058757951048689645,0.0,460.5469151068129,460.2820021488357,460.5292514056777,459.1637331780482
2.760000000000002,-0.7063562131109125,2.8466646880807707,18.807114996836845,0.21659732075451466,0.12045854197187023,0.0,-1.1718295452645597,3.0892597182557937,5.198867335959651,0.06931347793121277,0.03857768716651942,0.0,419.42731369072754,417.6725880710842,419.94684560843996,419.20349430398215
2.820000000000002,-0.778815955947216,3.0356745425859137,19.118626505499225,0.22072608675900351,0.12269845226758935,0.0,-1.2436855352403073,3.2113085684660576,5.184616376854929,0.06779259645652208,0.0347165175428189,0.0,438.7155825341708,438.3954787488649,437.73493462268505,437.61198759044237
2.880000000000002,-0.8553174286439772,3.231510175860844,19.42681658363254,0.2249082375403173,0.12462880102422158,0.0,-1.3065596464331042,3.3168222621638717,5.08858160288462,0.07327035622192311,0.026526502767806902,0.0,410.9923470213606,410.26611867572143,410.58147104146565,411.07139806163707
2.940000000000002,-0.936078176860865,3.4345346377830626,19.732763055104567,0.2303821939220816,0.12710422729228732,0.0,-1.3856304301052897,3.4509493087185263,5.109170925859541,0.11359094295617453,0.060878752569000716,0.0,449.16902214918457,451.9476278266949,447.0912686635228,450.3712748884968
3.000000000000002,-1.0217710243982785,3.6459332098119694,20.040922906238485,0.23737651914893565,0.1309161269770378,0.0,-1.471099796487819,3.5961046335258215,5.162079866313971,0.12194723185429572,0.06836776302529919,0.0,461.9663711340083,462.55937564547247,459.5260921174682,460.1997666137298
3.0600000000000023,-1.1127141004475622,3.8662366281693963,20.35253148523244,0.2456690690949035,0.13514084359988576,0.0,-1.560672154930662,3.7478557065121585,5.224003255011478,0.15916356685155839,0.07421347061243375,0.0,465.1607628504631,465.6219332006177,464.1797165168506,467.10751412004385
3.1200000000000023,-1.2091438149538956,4.0958376431874175,20.66797394808224,0.25520404746261427,0.13975344333506978,0.0,-1.65401452288147,3.9061617371193926,5.28974672776399,0.1584178068326614,0.08172936772381993,0.0,469.0734049320326,469.6611320166069,467.9202901689829,467.88479599086577
3.1800000000000024,-1.3108948967871354,4.334428082658868,20.984728253705853,0.26437828143358555,0.14515188714744198,0.0,-1.738109478776369,4.047467455877547,5.2682052680726885,0.13862960535598273,0.10276587930551075,0.0,442.12823566151604,443.8650384112343,443.255632959007,441.6479707410732
3.2400000000000024,-1.4177584701389019,4.581566503096948,21.299916190320058,0.2725597659549308,0.15158101179981998,0.0,-1.8245231621290139,4.190977825854217,5.2375794067127295,0.1313827992590577,0.1147256584381553,0.0,440.8011973161792,441.7987301059562,440.722359674089,440.1401976487563
3.3000000000000025,-1.5304388266997833,4.838333006391266,21.616444443221962,0.2803500864077799,0.1580523887543066,0.0,-1.932048310980006,4.368298057021149,5.312213672295163,0.1265600015648491,0.08832344171069341,0.0,477.66489258214483,475.6558389226252,475.16394387733027,474.80824379581
3.3600000000000025,-1.6491261327320716,5.104868120024419,21.93394889052628,0.28748679552767076,0.16366553771812153,0.0,-2.0246355820970012,4.516608299820085,5.270834760715688,0.09590226998255715,0.10236145967427904,0.0,439.510905852135,440.6805336112077,442.726719123873,440.20873029958926
3.4200000000000026,-1.7734247063575979,5.380305900596098,22.24866643273135,0.29353109313192594,0.17010007735242727,0.0,-2.119159377409333,4.664912745289501,5.219398441949383,0.10897846617532099,0.11554756636971221,0.0,437.93323122768015,439.03910483239054,437.6079590529119,438.7041845919705
3.4800000000000026,-1.9034402865660802,5.664594863977662,22.55988372510176,0.2998129149428621,0.17679891708220286,0.0,-2.215240014277774,4.81168101835624,5.154189910446417,0.09436194667528991,0.1024182246450578,0.0,434.8562991654047,433.7660998299957,435.2644905450316,434.04895406261943
3.5400000000000027,-2.0395071262031914,5.958038018515316,22.8680742163191,0.30532633219960914,0.18402036712886627,0.0,-2.3208662345661346,4.969937209281822,5.118329759197212,0.08642596723857475,0.1426934094462665,0.0,443.6012094415464,446.9090838131588,445.3914959573932,444.74887925849595
3.6000000000000028,-2.1831915374114876,6.262866228101897,23.179886686119136,0.31016963441736234,0.19268050902549128,0.0,-2.469331164776047,5.190872476611871,5.273647879183486,0.0657638176509992,0.14742960947072653,0.0,506.2030402144589,506.56045979104783,507.40863248086254,505.92708193624674
3.660000000000003,-2.3343114019937823,6.578396871922491,23.49283387212895,0.31454092583300053,0.20172591040175902,0.0,-2.568698480476722,5.3269334947924705,5.157901574975874,0.08419826566785113,0.15668870080503955,0.0,422.5683501072212,423.3885509950163,421.20900903241494,422.8050112562332
3.720000000000003,-2.4920931719176243,6.902954678894575,23.80138711653772,0.319379456467237,0.21086408357560416,0.0,-2.691423225291983,5.4916986998689294,5.126557028366138,0.07236874830550172,0.14166223163195735,0.0,452.85623243047746,451.666880460156,451.8133325177847,450.86342525172336
3.780000000000003,-2.657516963681834,7.237598306986128,24.10852562297469,0.3238101748103821,0.22035278675785097,0.0,-2.823413471663155,5.663033806576505,5.110637139782025,0.07664447107471813,0.17928376272846674,0.0,456.7262955784049,459.73954556206456,458.3073274273862,458.65118654147136
3.840000000000003,-2.831119480672682,7.582656942503937,24.414988141787763,0.3281325712251073,0.2309133864516264,0.0,-2.964166988569857,5.83881960192213,5.103876232831128,0.06072457461403365,0.1685048100118363,0.0,463.42679369968977,462.6069371990373,463.8817895580537,462.63335235780585
3.900000000000003,-3.013530731651629,7.938507139570154,24.721662938133193,0.3317168663430232,0.2413518377848849,0.0,-3.1169979540159654,6.022614775457723,5.11758150307601,0.05768973273279579,0.18311903467731727,0.0,470.6736902526907,471.83066875591254,472.3810243621565,472.14915965295575
3.960000000000003,-3.205324903715381,8.30539808476604,25.02913598496436,0.3351018612606209,0.252424098850093,0.0,-3.2769794132148915,6.206790943451129,5.130429279058019,0.05374143536284946,0.18722991573967113,0.0,473.9843091961783,474.33086411129125,473.5214630295976,473.2195034547451
4.020000000000002,-3.4062536848912317,8.682474475405758,25.334857193978362,0.3378314730302101,0.2633748130104481,0.0,-3.4214836931903467,6.362233152033464,5.059753262254283,0.018871830215411334,0.17085919603943625,0.0,449.86538903282656,448.5690990452828,448.79304295274994,445.9540208991318
4.080000000000001,-3.6157556691204635,9.068506590305166,25.635329847297644,0.3385358907800917,0.2737244380006736,0.0,-3.562712813783792,6.505212220986207,4.9558113548054,-0.008993624140717296,0.17557313981510606,0.0,437.4437447641021,437.86528179941496,439.05351206523454,436.73470256412463
4.14,-3.8342401923066904,9.463453099155581,25.93068211121034,0.3379678532328745,0.2845310905257721,0.0,-3.720925958167811,6.65914808448324,4.888852345363175,-0.010431878230045818,0.18790637633847765,0.0,449.80906663431705,450.8377436023189,451.87091385272674,451.7550471555035
4.199999999999998,-4.0616856038558025,9.866738816940329,26.219684914717902,0.3374409191011498,0.29605310841392196,0.0,-3.8614794893712254,6.783358845284494,4.744660071993214,-0.0056717332499945225,0.19921099027976436,0.0,423.8582683402639,424.866671728563,424.7261945928522,425.1345051760475
4.259999999999997,-4.296850885166609,10.276440323149084,26.49729649724774,0.3371605034869338,0.3081304725386387,0.0,-3.9783140705220403,6.873232130405894,4.5097257582164625,-0.0027484401735682297,0.20514593618546098,0.0,389.6811794949121,390.28161380391896,389.32808474203335,389.60168556225256
4.319999999999996,-4.539787100036001,10.69209130907452,26.762607705419523,0.33712807243575327,0.320921297252613,0.0,-4.120524260942517,6.9815105891445475,4.334156751421829,0.0035455424084997263,0.22570303719828444,0.0,410.4547888348584,412.3239526589761,410.9597522091264,411.5174628741301
4.379999999999995,-4.793313286136094,11.116013104592959,27.022644248777095,0.33727146023385934,0.3344569148466361,0.0,-4.331326737892436,7.148479389217467,4.332569368401237,-2.8316835890395547e-05,0.22537432460361242,0.0,472.6098249813423,472.6316662170391,473.3765675517061,473.1013531492892
4.439999999999993,-5.0583719363625566,11.5485620564602,27.278814721202316,0.3375560752992435,0.34857825379711826,0.0,-4.504978514359539,7.269365694082908,4.206128253096359,0.01289589508138059,0.2501642009497323,0.0,430.5779390941931,432.7268077508816,431.8741750789937,432.96318718313427
4.499999999999992,-5.334388861123995,11.988570134584947,27.528169963326732,0.33837631326470774,0.364177120795663,0.0,-4.696669237643278,7.39705624300061,4.105064982689518,0.01517671429138608,0.27460212775778436,0.0,441.4363986588104,443.5163507169231,441.829820746749,442.0177675082987
4.559999999999991,-5.623005718331078,12.436888954275041,27.773467184785947,0.3397336465560121,0.3808496247126829,0.0,-4.9250199106186985,7.546204689549559,4.0702163125699755,0.03442465292473396,0.2837145111125682,0.0,467.340015564518,468.12369646204314,465.83874335533375,467.34187619218955
4.6199999999999894,-5.925083524692103,12.893633940505342,28.015313193879877,0.34208306787753884,0.3981333048092477,0.0,-5.145366551040291,7.678079782349905,3.9902074592240115,0.0472490748840793,0.295565133800924,0.0,454.8485438751014,455.878651587343,453.1956442484422,454.22630358144403
4.679999999999988,-6.241025624294238,13.358511034750961,28.253049171470476,0.3449444029238258,0.41582722700360186,0.0,-5.387143970507706,7.817218264318157,3.932880084112322,0.04855412407790038,0.2935349254511229,0.0,465.61902889188644,465.5442395812669,465.00303607950855,465.1065533686319
4.739999999999987,-6.572041423628721,13.831876060545243,28.487782803178174,0.3478729782645198,0.4337678498683655,0.0,-5.647769815792664,7.96093040237874,3.889896061469965,0.04931551703399166,0.3081550436448209,0.0,473.40480780832587,474.61325203335986,473.502097610829,473.5619929399998
4.799999999999986,-6.91742559497079,14.312638969667246,28.716610318823356,0.35055187593364323,0.45246374526468003,0.0,-5.866161726081699,8.064033265619228,3.736811652982421,0.033135452610798526,0.31770720406543984,0.0,437.44324274651103,438.3387229812568,438.64294493801833,437.2978782160002
4.859999999999984,-7.277258621633156,14.800269115847243,28.93821167101994,0.35280835707854497,0.4712151864824792,0.0,-6.129339061012241,8.1895570841855,3.64838382039401,0.04531505479315686,0.2993963578091203,0.0,464.7020629100773,463.35885060555006,463.7881340357429,464.74466408831967
4.919999999999983,-7.65060056639854,15.293606360627773,29.149653438706547,0.3556177183991327,0.4892917827766645,0.0,-6.316527520372023,8.254734062010487,3.399478494895077,0.0496783469076304,0.3047857110007605,0.0,405.15799314785335,405.7443633568129,405.80351665327123,406.1966861366554
4.979999999999982,-8.03543673522106,15.790816898600278,29.34617323146658,0.3586922453027217,0.5077537221570765,0.0,-6.51246158687849,8.31863159960254,3.150860773383834,0.05419829098693278,0.31295493772024047,0.0,407.24657543724976,408.08266906768233,405.23989677846686,405.64810286907874
5.0399999999999805,-8.432534702822888,16.291970904952084,29.528171587113295,0.3626092401299701,0.5267701130822386,0.0,-6.725208933416051,8.386125199957583,2.915163524086539,0.08131633107867657,0.32389273703832383,0.0,411.9794881245675,413.05672243766287,412.4636271027145,414.8558744480079
